# Created by Octave 4.0.3, Mon Jul 10 15:25:49 2017 CST <u3@u3>
# name: my_predictions
# type: matrix
# rows: 1682
# columns: 1
 7.641760874060133
 6.087934867783344
 5.694514327521478
 6.787051314185099
 6.125951921912653
 6.491010375668415
 7.513495559115096
 7.418032408726108
 7.599828986197899
 7.0477042527267
 7.439092301760674
 8.57975074468127
 6.681389447992634
 7.41195616088031
 7.355060809778164
 6.008675566918079
 5.773097548887831
 4.663095554266214
 7.456023445414591
 6.195046761904299
 5.103858417141565
 8.251477734162727
 7.57516666201758
 6.578243077983073
 6.786864038410112
 6.517808701658828
 5.739420151896204
 7.662704493721649
 5.006126993240875
 6.902449904017891
 7.003150299022275
 6.73628222381303
 6.516705255830685
 4.401040235930331
 3.417632254479258
 3.663416883105024
 3.565490371349622
 5.497587514132653
 6.125468245865866
 5.241005961916219
 5.654409175907584
 7.280952956322162
 5.417618387168634
 6.264540904105747
 7.632338689152562
 6.200655729240067
 6.450509624897233
 7.790654115191227
 6.283751515564657
 8.79337997837138
 6.505509501198444
 7.056418137030319
 5.530326600528007
 6.214457305433536
 7.190597677709707
 7.934080050040071
 7.245085590434758
 6.982535608788123
 7.385243813779077
 7.220650429918027
 7.029945658419514
 5.994125482311224
 5.575321998355039
 8.782099854723697
 6.718872376988251
 6.627485102121081
 5.572114095265151
 6.569022153543713
 7.573700893738205
 7.112996433471239
 7.140203789104342
 6.028851647847663
 6.543687455194946
 4.61101239789949
 4.870172533714433
 6.426506783792218
 6.324413224252503
 4.222066557212092
 7.849950808972135
 5.113197854295398
 6.485529028328162
 7.268445831627403
 7.753627389631097
 5.076414177002594
 5.626979938517064
 7.357576016174463
 7.602056472069442
 6.741172854261221
 8.050111581869308
 5.709066008489289
 6.726884374113123
 6.720327417252802
 6.815121832159186
 5.693720424012882
 7.298163682385706
 7.834393609010233
 7.291467390833116
 8.324776828008279
 6.718069477346957
 8.277943038093717
 6.206747315574386
 5.756543351109157
 3.260588096464542
 2.199688371390698
 4.717870598470106
 5.50488719993718
 6.604252472919715
 5.755956086232972
 6.595119931815361
 4.371256892578678
 6.878506848899734
 4.137565931925669
 6.817524384652933
 8.341557451875889
 6.534128528084736
 7.30638025579791
 7.400195590333988
 6.365386072887832
 6.76423378883095
 4.20912273630065
 6.878099628418357
 4.394687146111449
 6.192628717010729
 7.720099037216943
 6.920354965081099
 7.479863281144051
 8.504843101931453
 6.472351381119188
 7.366107783841152
 4.200657405761719
 6.79629470739088
 7.616858731192749
 7.201897058374731
 8.016622108073184
 7.545100756887026
 7.66741144441994
 7.193219721339361
 4.312082320119348
 5.072961069868303
 5.579108019981632
 6.490330088986021
 5.542484168960346
 6.813111712725258
 7.496642154185015
 4.603300402282904
 4.429053703379923
 6.834086961599334
 6.232681694827212
 5.433692135969132
 7.473517385506112
 6.973459527778669
 6.684864004503879
 7.179447869817809
 7.099595345237868
 5.609722080837752
 7.574362568523464
 7.131785300300431
 4.833282274535524
 6.09104785643134
 6.372741107950626
 6.852327638476805
 6.510716142942057
 6.676330724918159
 6.946101984508278
 7.561803894517485
 7.673265091179335
 5.45645147774616
 7.878060658698619
 8.58751016073632
 7.832613082114539
 7.187965512563286
 8.296705091103849
 8.085552198080745
 8.425130861804494
 7.058124938550421
 7.782916086416951
 7.301214064684753
 8.161639791650476
 7.323866475557347
 7.715485282145726
 8.073472895058606
 7.475023478512124
 7.855137719826464
 6.499334539272894
 7.571664964463922
 7.593642225121816
 7.979816892055712
 7.091770925516102
 7.694791896207137
 7.833181116526984
 7.9587120240394
 7.440684071993177
 7.442291172469465
 7.775230207681641
 7.700524866696698
 7.559825245340173
 7.724434799173345
 7.744217667465432
 8.054393746880603
 7.170061344281354
 6.464661476583502
 7.247850454520304
 7.507647305559754
 7.496379092306134
 7.685115682397608
 6.290806561679952
 7.068423074069402
 7.436491777763827
 7.27280389118884
 7.707422105492935
 7.504154426665565
 6.289605497869127
 7.21862126897117
 6.327858540841911
 7.074661008177662
 7.535201628715169
 6.045825994486476
 6.518897899749204
 5.981334172219427
 6.286208773630392
 6.775895143619922
 7.388977901300789
 8.061741301650992
 6.956083810557113
 5.445352259770768
 6.295079254666476
 6.242730585533136
 7.357579436888828
 5.847179742150207
 6.519256143540448
 5.081120871143768
 6.090484862440396
 6.146424540710306
 7.209752680022555
 5.634226108869521
 6.709372683755721
 7.298738998225207
 7.252094308775972
 6.852653405304114
 5.164427959838751
 6.819784573598334
 7.623240315043336
 4.682691882543634
 5.925420081226584
 6.312956986778976
 7.729478495430883
 2.676070855287203
 7.214059075971536
 6.233777168440168
 6.786641502152552
 7.958872778168875
 5.594478359294627
 6.728256061022514
 4.50384782109945
 6.422763194123284
 6.281218146145036
 7.492075872038203
 7.819510308818177
 5.160368983166547
 4.961755728315823
 4.824152788711468
 7.066440063146055
 3.990225668346508
 5.447137261695873
 7.494365722083259
 5.141900351592573
 5.871074471863604
 7.541386688182772
 7.708421909269529
 7.197242338157335
 6.380318009947175
 8.600488193491961
 7.111075580304659
 6.650191388686169
 7.633128201680446
 7.276853609730724
 6.596305798929381
 5.773143283403547
 6.143856300945192
 5.955038341506146
 6.134650862286104
 7.259919867615611
 7.077579940992692
 6.189796704334059
 8.109141387913086
 7.196686782249614
 6.816548210286713
 6.713840929359148
 5.712041871020233
 5.988336156516373
 6.53979436767508
 7.271778205532336
 7.391806665272959
 6.242863919757891
 6.549541032177277
 5.399449483413585
 7.407109203954167
 7.38606358345775
 5.754011935447842
 7.370102334594945
 6.558151703099419
 8.382742171055362
 7.253399849621129
 6.943631580948985
 7.017346190954416
 7.673954052379346
 7.043824014425793
 5.833819685522061
 5.399464894404074
 7.285450962867788
 7.144857810652603
 6.049927120808196
 8.671510916825156
 1.572221542055034
 8.13393183675565
 8.308363375267795
 7.415212215152807
 8.682265648284002
 6.210042141099027
 6.877976847617266
 6.310369146043957
 6.072974836468527
 5.769788548175965
 5.887321589971561
 4.972840928404811
 6.604132162384275
 6.799304071956628
 6.887826081414359
 6.353752906655211
 5.761822922356435
 6.992392892530322
 6.744817119341628
 7.215525761951147
 6.409792067427497
 5.142140952361268
 5.123053738044518
 5.717825880791493
 5.28508058005413
 6.150398026403254
 6.897444262552249
 5.390402519209596
 5.575916039609393
 6.17111145298651
 7.023978430570487
 6.640425533821723
 7.19052689473564
 6.942324100313741
 6.100856636667123
 5.458514210877428
 6.049982939728373
 5.052497503401595
 4.043891735340141
 4.365633313887476
 6.734769265082743
 5.56903658420155
 6.299321788193801
 8.308273398727845
 5.12326799656107
 6.538972756403467
 5.734749400642563
 6.340353071187673
 5.507829041592
 4.979756753437479
 4.752269270992429
 5.848952461665821
 6.088291578110406
 6.531329317021969
 3.37898964790026
 4.896997468441072
 5.207660841026209
 5.723642279262032
 6.477289183757039
 5.068329776050899
 3.888381697227663
 3.526799224843232
 4.931900209315343
 3.530883089902198
 6.836221790487523
 5.384263664131669
 6.372681523675635
 6.525369333442859
 6.705890141880267
 3.748241182247089
 5.000342939328087
 6.848303971262517
 5.033112910751255
 6.14967774337407
 4.22394675001442
 5.967367472025652
 5.296223747159769
 4.948244139880771
 6.418029628204769
 6.440708143755501
 5.52269554683815
 4.533087625350086
 5.040190144770259
 4.248565356303939
 3.604104060184686
 6.171459343057846
 4.567776898115829
 5.058516244560677
 6.450540857765121
 6.646328160745007
 6.72786945799381
 6.555844019951033
 4.557171032219224
 4.491944233520877
 8.578384766210455
 5.826155938380513
 5.953573026643507
 5.583227258108662
 4.372967769923824
 4.88393768990242
 6.544192092633179
 4.964591203024657
 6.269291007489082
