# Created by Octave 4.0.3, Sun Jul 16 10:51:44 2017 CST <u3@u3>
# name: my_predictions
# type: matrix
# rows: 100
# columns: 1
 7.681284907653124
 6.810071646146335
 5.759061513437693
 6.905244953603884
 9.681072235831374
 3.189955470194609
 5.819913221057467
 9.602576662249181
 9.715066898614786
 9.92192696118364
 8.31299593879335
 6.843473565450785
 9.657256754831305
 7.643535372330145
 9.650060259467363
 6.092944795799729
 9.820107422043559
 9.863891422085112
 7.051540687669553
 6.214099163087745
 9.788236091330951
 9.710980648661561
 3.826699231067041
 9.732683310975293
 7.47770285309433
 6.984077943987675
 9.963382908701082
 9.760618633608068
 5.146316929174674
 9.972317551621533
 10.08386993006757
 9.52084860792543
 9.791949648117054
 4.475482877393765
 7.625061141416246
 5.050162726265136
 10.06434615666265
 9.850306181535688
 3.187532101960286
 6.981751953818346
 7.606149084638703
 5.975165367422825
 7.447763195373063
 6.602904805447253
 9.683395974506421
 4.138621729989252
 9.849339599223921
 5.432717137201278
 7.477101678193161
 7.05262938134898
 5.346647886526952
 5.14133115225376
 10.09706218533475
 5.336715197435094
 5.82490256795751
 9.774051179771668
 10.12322523663756
 5.999145225118362
 7.89819037669751
 5.04633228884169
 5.251466545256442
 7.932005689428234
 6.640865198551388
 6.690764072507967
 7.907751445498819
 5.97277184079087
 1.035225939768287
 7.664981803892721
 5.2482702346941
 9.715637398644221
 7.945821486458161
 9.939362614766541
 9.740746088107439
 5.344136738525135
 9.768704122010407
 6.925464936352967
 9.812783018706615
 9.837022187496892
 5.281145478198962
 6.671310921224528
 7.727678106657933
 5.478735286473645
 7.777852075990957
 9.689746449035418
 4.86150700846043
 10.00778341926106
 9.968756580445596
 5.705152837102888
 9.667625860896509
 7.927487036326179
 5.389160474657407
 9.830281536732048
 10.09388184573996
 9.557908984508853
 9.932665547862868
 7.388175867392865
 6.77277145823743
 6.218674515671885
 5.258354170081518
 10.03862469974096


