# Created by Octave 4.0.3, Tue Jul 11 15:57:11 2017 CST <u3@u3>
# name: my_predictions
# type: matrix
# rows: 1682
# columns: 1
 7.196770251561472
 6.011445352274112
 5.368718049644467
 6.118019108517741
 6.041107200488412
 6.18116124468026
 6.888029983671724
 6.898976277606413
 6.708684487041195
 6.699852436068072
 7.056074361274467
 7.867194552998956
 6.054611465572144
 6.509590570792
 6.915150517902103
 5.813690741482204
 5.698559921303453
 4.505094452790699
 6.788363751941139
 5.468996433054903
 4.829730536447176
 7.603680232286049
 6.844550487033485
 6.400515121562824
 6.508829039748792
 5.943562571920243
 5.947164933007082
 7.250041185873311
 4.816291480956417
 6.780476403543473
 6.876422763148261
 6.393279122679102
 6.350602710126031
 4.301722473891555
 3.487056876420878
 3.528063128684473
 3.409726941904203
 5.470459643745205
 6.132704676474543
 5.218165782846128
 5.400815722129007
 6.703330497756772
 5.249504257348202
 5.932671996590101
 7.235065764161772
 5.956485138109777
 6.072630675332391
 7.346682682683893
 6.008614254277798
 7.812338877947072
 6.34704376038481
 6.628484919587367
 5.365733228760907
 6.156128294218306
 6.850160619454678
 7.199760901489891
 6.877196529847832
 6.622771880349744
 7.167778226291467
 6.767330927470589
 6.588864775573249
 6.077386336012083
 5.578018754148879
 7.979320918308265
 6.292521508827004
 6.265708775291986
 5.295521446310031
 6.411905159322977
 7.011472142795992
 6.487335025668525
 6.887264281013172
 5.779309042243539
 6.260664033987976
 4.506958539652321
 4.689069091847182
 6.185915246524932
 6.092011511044665
 4.239889772697988
 7.494406312409663
 4.862680426967027
 5.883703680813807
 6.931307875749934
 7.329229400508805
 4.936241995996273
 5.112066298580091
 6.964519371230223
 7.179834272811835
 6.122488931090014
 7.640066905506681
 5.144953223044036
 6.366099833868343
 6.366531219979844
 6.573527700923995
 5.503289001990085
 6.898553594734425
 7.605915503296965
 6.974420247879337
 7.765865677760778
 6.232759823189356
 7.852702391467548
 5.907770627030079
 5.734954809927704
 3.187178859410522
 2.667188790806943
 4.591040730702558
 5.561456394677631
 6.24600184041398
 5.448041928828133
 6.308175058220481
 4.42932675613487
 6.731628405344815
 4.242720844973388
 6.537174938397757
 7.871112581308513
 6.390624111739277
 6.444453102220762
 7.525243264195391
 6.295357392145108
 6.494489999223909
 4.228434973343354
 6.922144000062583
 3.869678889317241
 6.028308177986428
 6.978104693467292
 6.495358016192091
 6.883723444728187
 7.69605672650198
 6.240666292324015
 7.130559109694682
 3.982624927992534
 6.067500984247777
 7.031824153146808
 7.010606490756119
 7.406158489410216
 6.945946965402959
 7.197481335696576
 6.669307893208241
 4.464920491235138
 4.892673191601246
 5.694202441769277
 6.242308451134239
 5.467027556805617
 6.248937938895681
 7.284964772823429
 4.56745970343923
 4.099879838727725
 6.740446279414255
 6.009257879814278
 5.187428866791819
 6.986615843275874
 6.161886434936234
 6.246860489819362
 6.503028356428377
 6.580046847560366
 5.629925901059627
 7.115268211044478
 6.752373652396503
 4.633632366630255
 5.993343386427874
 6.318557236769539
 6.691635192441254
 6.134752708914174
 6.40976909338235
 6.677534913656482
 7.073150417539322
 7.271375946065481
 5.390545961332402
 7.286179077754504
 8.039694927001998
 7.203497457445286
 6.569833901117065
 7.483929537722331
 7.346280425812675
 7.799373049132383
 6.545994121783304
 7.385569496580189
 7.090862084190617
 7.570743944081432
 6.877443934745651
 7.119583840797342
 7.326008309419232
 7.056654830974384
 7.839507665753853
 6.096652350567556
 7.282629168218755
 7.079822502716905
 7.212395742606379
 6.89429160485424
 7.37669899169529
 7.363901397630952
 7.416789534615521
 6.844171121544239
 6.883801547718768
 7.239376043961119
 7.414261618373796
 6.968462626090557
 7.003751550134801
 7.288539373098375
 7.754501796483749
 6.850553074450025
 6.107593573134903
 6.790263504644642
 7.149313662922287
 7.006827973459332
 7.179356705134431
 5.837730812152071
 6.640374863661059
 6.956106449071671
 6.809975657478152
 7.331213323796523
 7.134469864483589
 5.775799851500866
 6.705551990230381
 5.86165510322911
 6.344631890812208
 7.072147970251892
 5.722072228948168
 6.30770133349888
 5.744929158419699
 6.096056818915294
 6.315454923046561
 7.093553166880085
 7.644780176363845
 6.491227011290141
 5.204721786661852
 6.569137626032558
 6.253636896949187
 7.058428660774206
 5.859454487672068
 6.424287799706337
 4.752643072012467
 5.837767458288589
 6.26374293389642
 6.860996923774866
 5.528410378004604
 6.534446645578325
 6.337398198160331
 6.504981810943582
 6.517247748610351
 4.971373839654333
 6.700140275842309
 7.095062738690284
 4.888516441307527
 5.487192926634597
 5.870077834196977
 7.16843860342207
 2.682975459510983
 6.651069260931909
 5.915627681564835
 5.956237811054411
 7.436369447939239
 5.335107442303514
 6.301923493689384
 4.36869229717751
 6.239043512416931
 5.951510494747353
 7.101767089845394
 6.982323889227537
 4.896354938496732
 5.254205207535604
 4.817466034059838
 6.470745575630375
 3.876912119931208
 5.286693086261282
 7.342841830212201
 5.159681029259308
 5.703329506200037
 6.811007624063786
 7.090353925689241
 6.926554942544554
 6.775505110447474
 7.964026838236569
 6.898632257262392
 6.417156817417529
 6.833423165354935
 6.746587014163349
 6.287576129805696
 5.560502193534813
 5.857453108601231
 5.694113898404743
 6.033040767969535
 6.88000836501817
 6.347414248723232
 5.482589070626954
 7.310714678872078
 6.297580775573727
 6.600099987866178
 6.723054947743389
 4.710656113560722
 5.550954040204086
 6.36907099765188
 6.709931899363861
 7.12321650722553
 5.543759450624897
 6.583565171962489
 5.221476793740375
 6.984399872641675
 7.33212512010435
 5.591601642703646
 7.265488438572683
 6.26875641894607
 7.969305560479498
 6.79502907844418
 6.536231406255094
 6.484864787522073
 7.117859942990926
 7.011796031823119
 5.604377151670049
 5.425812874016103
 6.884204944725719
 6.592099297969657
 5.476708868331427
 8.389303153492495
 1.457203087460396
 7.600249913749856
 7.802974083922213
 6.842237190864871
 7.932441941349644
 5.712624750570736
 6.802471988018834
 5.666135850158312
 6.159142335016151
 5.876651736511809
 5.480729618266334
 5.2660224405807
 6.583543257058024
 6.656691034802392
 6.506937133204438
 6.031450682799901
 5.633479099387147
 6.873089920499102
 6.636069139687841
 6.969969417832738
 6.223843938602357
 4.993243166689189
 5.151587457435935
 5.31051920891221
 5.139753267401444
 6.016941820753929
 6.338629862373709
 5.32773094074301
 5.307310799879136
 6.407655629303813
 6.699844761923963
 6.152444253628102
 7.043316071239913
 6.596133848784021
 6.026521490704331
 5.353444194448386
 5.958369573894613
 5.019015024823796
 3.905535125232434
 4.189776303473389
 6.503346582562395
 5.476443678381818
 6.034421983504735
 7.49487832545892
 5.445902821497633
 6.2770388411949
 5.61487044451642
 6.067357612403564
 5.411322203461017
 5.037340245254413
 4.59036440595726
 5.795018481708139
 5.940541227191044
 6.511782900865557
 3.256859716100586
 4.473870670443139
 5.398869939351669
 5.400139560089407
 6.223634811004145
 5.1400778175682
 3.830661922116729
 3.318652773154152
 4.708490304939067
 3.618068393651147
 6.662341648867802
 5.26822672122473
 6.236763155857076
 6.193895493750927
 6.640539854052351
 3.690622968891205
 4.777466447974298
 6.82634492443141
 4.715160593613241
 5.901384108314939
 4.191561122991178
 5.825775603296012
 5.11380357024063
 5.056683661899985
 6.284673176479275
 6.183036460321679
 5.480121873371559
 4.367163774006116
 4.596003869454955
 4.316404017160359
 3.787464725206393
 6.200645442830545
 4.500562336744999
 4.780354626410768
 6.169993549831639
 6.21302227896293
 6.462646544879417
 6.278943847350666
 4.523501246636968
 4.379261583087615
 7.933301403436091
 5.573633408605167
 5.505819242890225
 5.400764577088914
 4.068019642351845
 4.903019756134768
 6.096132681881055
 4.835638109881697
 6.120005386537848
