# Created by Octave 4.0.3, Sun Jul 16 10:58:01 2017 CST <u3@u3>
# name: my_predictions
# type: matrix
# rows: 100
# columns: 1
 5.935256101169466
 7.295109229642646
 7.0052638177666
 4.693225259704653
 9.39148331101682
 3.032213186447196
 8.234172257364804
 9.514133025961165
 9.506928006242388
 9.342374492344366
 6.478256630809957
 6.473234182108457
 9.253478901858973
 6.956004799353231
 9.456883908529294
 6.634293059140967
 9.579880892083764
 9.532161389827492
 7.212574960745544
 6.606444906709269
 9.449871359687464
 9.572162645261539
 6.36701319441814
 9.588398447160518
 6.413293769114564
 7.116638960390041
 9.469250452805941
 9.557411858371214
 5.15558629997332
 9.454974836619453
 9.375096806309909
 9.321366665485035
 9.435272401224527
 6.593398242335417
 4.653549675265165
 7.947358818323788
 9.361843669907255
 9.607358554548918
 3.125988880649977
 5.460792527381837
 4.910071649653739
 4.89317195663047
 6.248690300157603
 5.635200779521167
 9.417044060643406
 5.633598488549292
 9.455739423750295
 6.490863473783817
 6.182365861662774
 6.223005685730768
 5.018489719560046
 6.974759149959977
 9.52727453131369
 6.583294826500201
 6.408944377645016
 9.534559912219393
 9.527483438643324
 6.453814383057896
 6.685330572273921
 6.207419862177176
 5.120718960008177
 7.051256916219564
 4.652977289838372
 7.517749955064625
 6.314004295821702
 6.868839335920399
 1.185031956075726
 5.873532234199917
 8.715450963043077
 9.46398622878462
 5.933401725101612
 9.533933994721824
 9.288610630173892
 6.161553911557982
 9.271212604047429
 7.153295309977359
 9.550338060601323
 9.627306332704343
 6.192101056351925
 6.867217260158732
 5.687983953486664
 5.368125894234838
 6.080660161666104
 9.449732473599763
 6.90693093812131
 9.32562810171787
 9.345137113752394
 6.375667053767951
 9.507139181917715
 6.203369185303531
 6.911801451997984
 9.406158924800296
 9.423546808429805
 9.447346006007605
 9.254149071058198
 6.824975297421198
 7.779088406075379
 7.170497316579485
 5.205827244888956
 9.21757320886559


